Est(s)     RSS(MB)    PSS(MB)    Ref(MB)
0.019       403.65     400.26       7.01
0.018       418.09     414.70      12.09
0.019       444.42     441.03       7.17
0.022       454.02     450.63      12.42
0.023       488.57     485.18       3.92
0.022       478.57     475.18      13.41
0.023       523.60     520.21       7.70
0.023       524.52     521.13      13.36
0.025       564.18     560.79       3.07
0.026       576.42     573.03      21.26
0.026       591.02     587.63      11.96
0.026       627.79     624.40       9.79
0.026       638.55     635.16      12.35
0.026       696.33     692.94      13.56
0.027       727.01     723.62      12.47
0.027       747.60     744.21      12.05
0.027       765.66     762.27      13.11
0.028       786.53     783.14       7.02
0.028       784.39     781.00       7.36
0.028       793.80     790.42      13.15
0.029       803.25     799.86      17.29
0.029       836.41     833.02       5.30
0.028       809.51     806.12      14.75
0.029       844.85     841.46      11.99
0.030       868.84     865.45       7.29
0.030       867.25     863.86      15.08
0.029       893.04     889.65      13.39
0.030       903.13     899.74       7.61
0.031       920.67     917.28       7.66
0.030       931.92     928.53       7.00
0.031       943.06     939.67       5.41
0.032       956.04     952.65       7.61
0.031       952.32     948.93      14.91
0.032       983.42     980.03      10.60
0.031       985.22     981.83      10.90
0.031       995.22     991.83      12.30
0.032      1017.64    1014.25       9.72
0.032      1022.05    1018.66       7.36
0.032      1047.77    1044.38       8.98
0.033      1045.50    1042.11      15.08
0.032      1068.32    1064.93       7.36
0.033      1076.27    1072.88       2.09
0.033      1077.27    1073.88      13.32
0.033      1111.96    1108.57       6.34
0.033      1120.54    1117.15      12.49
0.034      1147.30    1143.92      12.10
0.034      1134.59    1131.20      10.73
0.034      1155.59    1152.20       9.42
0.034      1151.59    1148.20      12.46
0.035      1180.38    1176.99      15.82
0.035      1194.87    1191.48      10.20
0.035      1200.64    1197.25      12.67
0.036      1219.48    1216.09      12.88
0.035      1216.75    1213.36       9.33
0.035      1244.94    1241.55       7.68
0.035      1231.68    1228.29      13.21
0.036      1253.49    1250.10      12.67
0.037      1284.43    1281.04      15.46
0.037      1285.17    1281.78      15.77
0.037      1301.70    1298.31      13.66
0.037      1309.68    1306.29       8.89
0.037      1334.70    1331.31       2.05
0.038      1319.69    1316.30      12.20
0.037      1359.47    1356.08      25.10
0.038      1382.14    1378.75      22.68
0.037      1365.10    1361.71      17.16
0.038      1387.12    1383.73      12.82
0.038      1384.43    1381.04      12.91
0.038      1418.60    1415.21      14.68
0.038      1413.13    1409.74      16.10
0.038      1452.54    1449.15      20.02
0.039      1470.55    1467.16      19.85
0.040      1459.58    1456.19      15.87
0.038      1494.25    1490.86      14.03
0.038      1477.51    1474.12       8.65
0.038      1507.61    1504.22       9.57
0.040      1506.40    1503.01      14.63
0.039      1513.29    1509.90      16.22
0.041      1554.07    1550.68      10.89
0.040      1542.38    1538.99      12.11
0.040      1570.12    1566.73      13.32
0.040      1558.29    1554.90      14.83
0.041      1599.24    1595.85      13.63
0.040      1581.30    1577.91      13.89
0.042      1626.80    1623.42      10.79
0.042      1654.80    1651.41       4.40
0.041      1639.42    1636.03      16.13
0.042      1668.86    1665.47      13.81
0.042      1647.84    1644.45      12.39
0.042      1689.55    1686.17      13.50
0.042      1683.58    1680.19      16.40
0.043      1713.09    1709.70      21.52
0.042      1740.27    1736.88      21.45
0.042      1722.44    1719.05      16.68
0.043      1745.47    1742.08      13.84
0.043      1752.54    1749.15      11.20
0.044      1775.94    1772.55       9.04
0.043      1776.09    1772.70      13.44
0.043      1794.53    1791.14      16.81
0.043      1818.59    1815.20       6.14
0.044      1819.11    1815.72      14.58
0.044      1850.12    1846.73      14.39
0.044      1826.23    1822.84       5.31
0.045      1868.93    1865.54       8.65
0.045      1864.14    1860.75      14.92
0.045      1877.58    1874.19      14.09
0.045      1910.03    1906.64       5.28
0.047      1918.25    1914.86      15.68
0.046      1940.20    1936.81      11.92
0.047      1931.38    1927.99      21.20
0.046      1956.07    1952.68      15.03
0.047      1963.60    1960.21      14.30
0.046      1967.41    1964.02      12.76
0.048      1997.70    1994.31      12.75
0.047      2003.70    2000.31      10.11
0.049      2033.55    2030.16       5.81
0.047      2019.63    2016.24      13.59
0.049      2043.64    2040.25      18.29
0.048      2053.87    2050.48      12.15
0.048      2066.70    2063.31       9.96
0.048      2084.24    2080.85      22.69
0.048      2081.68    2078.29      16.52
0.048      2115.19    2111.80       7.82
0.050      2099.06    2095.67      14.23
0.050      2129.98    2126.59      13.84
0.049      2145.51    2142.12       6.74
0.049      2164.15    2160.76       9.57
0.052      2153.71    2150.33      17.40
0.050      2174.54    2171.15      13.57
0.050      2192.27    2188.88      11.34
0.051      2207.19    2203.80      11.44
0.051      2235.31    2231.92      14.37
0.050      2226.68    2223.29      14.55
0.051      2245.28    2241.89      14.43
0.051      2248.54    2245.15       7.32
0.053      2282.12    2278.73       6.22
0.052      2282.73    2279.34       4.44
0.052      2297.28    2293.89      20.47
0.053      2320.27    2316.88       8.65
0.053      2309.31    2305.92      14.55
0.053      2351.82    2348.43      14.61
0.052      2348.61    2345.22       5.79
0.054      2376.36    2372.97      11.34
0.054      2389.54    2386.15      25.91
0.054      2369.50    2366.11      14.62
0.053      2404.32    2400.93       7.64
0.054      2420.57    2417.18      10.25
0.054      2442.80    2439.42      20.20
0.054      2440.03    2436.64      18.68
0.054      2445.77    2442.38      14.28
0.055      2449.97    2446.58      13.96
0.053      2473.44    2470.05      13.38
0.054      2478.72    2475.33      17.66
0.055      2514.85    2511.46      18.46
0.056      2531.70    2528.31      15.00
0.056      2518.20    2514.81      12.58
0.057      2554.80    2551.41      14.22
0.056      2554.95    2551.56      10.58
0.058      2579.52    2576.13      12.29
0.058      2590.78    2587.39      10.27
0.057      2611.15    2607.76      14.52
0.056      2605.20    2601.81      22.03
0.058      2619.92    2616.53      17.88
0.057      2652.71    2649.32      13.91
0.057      2650.94    2647.55      14.66
0.057      2658.71    2655.33      15.14
0.058      2682.93    2679.54      23.45
0.058      2683.92    2680.53      14.95
0.059      2684.36    2680.97      13.71
0.058      2707.10    2703.71      14.75
0.060      2730.64    2727.25      11.39
0.059      2741.40    2738.01      11.92
0.059      2766.11    2762.72      10.27
0.060      2764.15    2760.76      14.34
0.060      2787.92    2784.53      14.70
0.060      2794.21    2790.83      12.93
0.060      2814.53    2811.14       5.48
0.060      2815.71    2812.32      18.07
0.061      2837.34    2833.95      13.66
0.061      2859.68    2856.29      22.59
0.061      2866.83    2863.44      10.23
0.061      2894.71    2891.33      17.80
0.062      2882.75    2879.36      16.82
0.061      2909.89    2906.50      14.75
0.063      2911.18    2907.79      23.19
0.062      2930.92    2927.53      15.85
0.062      2941.39    2938.00       7.97
0.063      2953.67    2950.28      13.27
0.063      2962.46    2959.07      24.11
0.063      2968.79    2965.40      17.05
0.064      3011.63    3008.24      26.26
0.064      2992.24    2988.85      14.93
0.064      3017.62    3014.23      14.00
0.064      3012.96    3009.57      15.76
0.064      3051.66    3048.27      14.51
0.065      3056.71    3053.32      14.94
0.065      3082.33    3078.94      10.34
0.065      3091.81    3088.42      26.07
0.065      3081.12    3077.74      17.10
0.065      3119.48    3116.09      10.75
0.066      3130.20    3126.81      11.16
0.066      3160.36    3156.97       5.07
0.066      3143.43    3140.04      13.72
0.066      3179.84    3176.45      14.53
0.066      3173.28    3169.89      28.83
0.067      3199.79    3196.40       2.39
0.067      3197.56    3194.17      14.89
0.067      3209.46    3206.07      14.62
0.067      3236.55    3233.16      15.84
0.067      3251.47    3248.08       5.98
0.067      3273.88    3270.49       6.84
0.068      3265.11    3261.72      14.20
0.068      3259.18    3255.79      13.92
0.068      3299.43    3296.04      16.04
0.068      3307.41    3304.02      15.17
0.068      3318.30    3314.91      14.99
0.068      3340.71    3337.32      14.84
0.069      3354.59    3351.20      37.34
0.069      3366.33    3362.94      16.32
0.068      3387.32    3383.93      14.71
0.069      3392.19    3388.80       7.62
0.071      3417.54    3414.15       9.52
0.070      3411.46    3408.07      18.91
0.071      3414.63    3411.24      16.75
0.072      3433.93    3430.54      16.55
0.070      3465.55    3462.16      13.19
0.069      3469.46    3466.07      13.33
0.072      3467.47    3464.08      13.70
0.071      3499.98    3496.59       7.06
0.073      3517.79    3514.40       7.20
0.073      3543.12    3539.74       5.39
0.071      3510.88    3507.49      14.36
0.072      3548.69    3545.30      15.20
0.072      3560.09    3556.70      23.21
0.072      3582.62    3579.24      18.61
0.073      3580.16    3576.77      14.99
0.073      3609.68    3606.29      13.93
0.073      3627.22    3623.83      21.95
0.075      3631.18    3627.79       7.57
0.074      3653.49    3650.10      26.64
0.073      3661.34    3657.95       6.12
0.075      3682.79    3679.40       9.59
0.074      3686.82    3683.43      21.38
0.074      3694.43    3691.04      14.79
0.074      3701.94    3698.55      14.68
0.073      3729.25    3725.86       8.24
0.075      3727.93    3724.54      14.32
0.075      3748.11    3744.72      13.34
0.076      3780.36    3776.97      25.43
0.076      3783.19    3779.80      16.55
0.076      3816.14    3812.75       5.38
0.076      3807.12    3803.73      14.00
0.076      3805.84    3802.45      13.91
0.077      3830.51    3827.12      23.27
0.077      3851.16    3847.77      14.50
0.077      3853.58    3850.19      17.23
0.077      3884.67    3881.28       4.68
0.077      3889.77    3886.38      22.79
0.077      3895.53    3892.14      20.12
0.078      3911.29    3907.90      18.97
0.077      3932.55    3929.17       6.89
0.078      3960.06    3956.67      21.84
0.078      3939.71    3936.32      13.18
0.078      3976.17    3972.78      15.35
0.078      3979.96    3976.57      22.28
0.079      4006.60    4003.21      22.52
0.078      4012.02    4008.63      18.19
0.080      4034.39    4031.00      12.96
0.079      4016.06    4012.67      20.89
0.078      4053.63    4050.24      15.05
0.079      4062.26    4058.87      31.16
0.079      4080.09    4076.70      24.45
0.079      4091.11    4087.72       6.95
0.081      4109.05    4105.67      13.52
0.081      4135.77    4132.38      17.24
0.080      4123.93    4120.54      17.70
0.080      4156.95    4153.56      14.16
0.080      4157.04    4153.65      25.75
0.081      4180.22    4176.83      20.03
0.080      4191.26    4187.87      20.91
0.080      4213.19    4209.80      18.86
0.080      4198.97    4195.58      17.26
0.081      4226.80    4223.41      15.08
0.081      4248.44    4245.05       9.42
0.082      4261.29    4257.90      13.54
0.081      4275.43    4272.04      16.81
0.082      4291.01    4287.62       7.57
0.082      4316.23    4312.84      21.38
0.082      4298.53    4295.14      13.86
0.082      4318.90    4315.51      14.50
0.083      4331.95    4328.56       8.38
0.083      4358.63    4355.24      24.57
0.083      4364.55    4361.16       7.18
0.083      4388.91    4385.52      21.85
0.083      4379.75    4376.36      15.79
0.083      4399.76    4396.37      14.17
0.084      4419.19    4415.80       6.03
0.085      4434.56    4431.17       8.25
0.085      4459.84    4456.45      15.94
0.084      4460.90    4457.51      17.01
0.085      4494.32    4490.93       5.14
0.085      4486.39    4483.00      14.55
0.086      4495.20    4491.81      13.75
0.086      4508.77    4505.38      16.44
0.086      4528.90    4525.51       8.99
0.086      4540.11    4536.72      17.42
0.086      4561.40    4558.01      14.93
0.087      4583.34    4579.95      21.60
0.087      4575.23    4571.84      21.57
0.088      4609.03    4605.64       7.55
0.085      4611.48    4608.09      14.71
0.088      4632.95    4629.56      18.25
0.088      4640.56    4637.17      18.25
0.087      4663.01    4659.62       9.35
0.089      4662.71    4659.32      16.11
0.089      4661.92    4658.53      14.54
0.088      4679.76    4676.37      11.98
0.090      4709.84    4706.45      10.04
0.088      4719.58    4716.19       7.65
0.089      4731.39    4728.00      13.37
0.090      4755.97    4752.58      24.39
0.090      4744.85    4741.46      14.85
0.090      4781.48    4778.09       8.33
0.089      4784.85    4781.46       3.88
0.090      4805.08    4801.69      17.76
0.090      4811.11    4807.72      14.82
0.090      4842.14    4838.75       9.32
0.091      4842.73    4839.34      22.98
0.091      4857.12    4853.74      14.33
0.091      4863.41    4860.02       8.82
0.092      4890.39    4887.00      12.75
0.094      4901.59    4898.20       7.87
0.091      4923.57    4920.18       5.20
0.091      4919.47    4916.08      13.78
0.091      4933.73    4930.34      15.36
0.091      4968.00    4964.61      13.73
0.091      4970.50    4967.11      16.56
0.091      4973.59    4970.20      12.52
0.092      4996.30    4992.91       9.96
0.093      5029.88    5026.49      20.98
0.092      5007.23    5003.84      17.02
0.092      5045.34    5041.95      18.31
0.092      5043.57    5040.18      14.50
0.093      5076.11    5072.72      15.14
0.091      5067.58    5064.19      17.00
0.094      5096.72    5093.33      14.29
0.094      5100.61    5097.22      14.41
0.093      5132.34    5128.95       6.78
0.092      5109.52    5106.13      21.61
0.094      5140.42    5137.03      15.23
0.093      5152.98    5149.59      14.19
0.095      5166.80    5163.42      12.45
0.095      5200.43    5197.04      15.37
0.095      5205.46    5202.07      17.37
0.095      5236.73    5233.34      14.00
0.095      5232.80    5229.42      19.14
0.095      5246.53    5243.14      13.42
0.095      5256.91    5253.52      14.23
0.095      5286.06    5282.67      14.91
0.096      5283.12    5279.74       4.19
0.096      5306.93    5303.54      15.86
0.096      5282.12    5278.73      13.76
0.095      5329.85    5326.46      13.39
0.096      5316.39    5313.00      15.02
0.096      5343.84    5340.45      15.68
0.097      5371.57    5368.18      15.29
0.097      5388.04    5384.65      22.93
0.097      5412.55    5409.16       6.13
0.097      5398.57    5395.18      12.76
0.098      5432.10    5428.71      16.73
0.098      5447.79    5444.40       7.32
0.098      5474.34    5470.95      29.21
0.099      5454.51    5451.12      23.21
0.099      5494.89    5491.50      14.51
0.099      5481.85    5478.46      22.69
0.098      5492.36    5488.97      14.83
0.098      5523.52    5520.13      23.07
0.100      5540.25    5536.86      13.07
0.099      5545.04    5541.65       9.80
0.100      5574.35    5570.96       7.85
0.100      5570.83    5567.44      17.36
0.102      5600.27    5596.88      15.02
0.100      5586.29    5582.90      14.20
0.100      5609.09    5605.70      14.42
0.100      5628.70    5625.31      17.26
0.101      5646.52    5643.13      22.77
0.100      5675.17    5671.78       5.71
0.102      5681.11    5677.72       7.65
0.101      5687.98    5684.59      14.73
0.103      5699.40    5696.01       6.67
0.102      5738.87    5735.48       5.55
0.103      5726.54    5723.15      18.64
0.103      5762.27    5758.88      15.85
0.103      5746.17    5742.78      23.05
0.104      5760.42    5757.03      15.00
0.105      5774.81    5771.42      15.45
0.103      5801.99    5798.60      14.31
0.102      5813.46    5810.07       7.35
0.104      5838.23    5834.84      15.61
0.103      5826.25    5822.86      15.06
0.105      5865.03    5861.64      18.09
0.103      5863.81    5860.42      15.22
0.104      5879.41    5876.02      14.39
0.105      5890.07    5886.68      19.01
0.105      5911.98    5908.59      19.74
0.106      5941.65    5938.26       7.55
0.105      5944.87    5941.48      17.96
0.105      5957.84    5954.45      14.54
0.106      5975.90    5972.51       8.63
0.106      6007.39    6004.00      10.54
0.106      5993.20    5989.81      13.60
0.107      6028.77    6025.38       8.31
0.106      6022.67    6019.28      23.31
0.106      6021.94    6018.55      14.04
0.107      6056.19    6052.80      14.54
0.108      6078.28    6074.89      14.94
0.107      6080.18    6076.79      21.48
0.107      6107.86    6104.47      23.33
0.108      6103.54    6100.15      13.89
0.108      6133.28    6129.89       8.00
0.108      6144.82    6141.43       8.80
0.107      6165.58    6162.19      10.37
0.109      6150.17    6146.78      14.18
0.109      6181.27    6177.88      15.30
0.108      6202.03    6198.64      13.11
0.109      6215.75    6212.36      19.23
0.108      6222.76    6219.37      16.60
0.110      6244.71    6241.32      19.96
0.109      6264.36    6260.97       6.26
0.109      6265.08    6261.69      13.59
0.110      6298.69    6295.30       8.03
0.110      6278.33    6274.94      14.38
0.110      6307.14    6303.75      14.96
0.109      6310.89    6307.50      20.20
0.112      6348.36    6344.97      15.01
0.110      6345.98    6342.59      19.39
0.113      6376.57    6373.18      13.93
0.111      6373.04    6369.65       5.75
0.112      6394.79    6391.40       7.70
0.112      6410.03    6406.64       7.66
0.112      6433.62    6430.23      21.64
0.112      6426.69    6423.30      14.88
0.113      6461.22    6457.83       7.85
0.112      6453.78    6450.39      14.33
0.112      6461.18    6457.79      15.17
0.113      6482.48    6479.09      23.24
0.113      6506.16    6502.77      14.01
0.114      6528.36    6524.97      21.53
0.114      6543.43    6540.04      20.74
0.114      6565.23    6561.84       4.64
0.113      6556.28    6552.89      16.20
0.114      6574.26    6570.87      17.09
0.115      6602.81    6599.42      19.08
0.116      6627.45    6624.06       6.96
0.115      6628.77    6625.38      18.81
0.116      6656.09    6652.70      14.32
0.116      6648.42    6645.03       8.48
0.116      6672.84    6669.45      19.15
0.116      6684.07    6680.68      15.26
0.118      6715.64    6712.25       9.89
0.118      6707.29    6703.90      14.13
0.119      6719.68    6716.29      14.94
0.117      6723.56    6720.17      23.66
0.117      6737.47    6734.08      14.57
0.118      6766.87    6763.48      20.14
0.119      6787.29    6783.90      15.82
0.120      6784.56    6781.17       4.43
0.118      6819.07    6815.68      15.79
0.119      6807.81    6804.42      13.82
0.118      6840.38    6836.99       3.85
0.117      6853.94    6850.55       6.27
0.118      6875.68    6872.29       9.18
0.118      6869.33    6865.94      17.54
0.118      6907.05    6903.66      12.26
0.119      6894.42    6891.03      21.18
0.119      6915.99    6912.60      15.11
0.118      6924.50    6921.11      15.65
0.120      6958.97    6955.58      13.89
0.119      6969.08    6965.69      17.05
0.120      6979.71    6976.32      20.37
0.120      7012.62    7009.23       7.07
0.121      7008.92    7005.53      17.11
0.121      7026.30    7022.91      19.30
0.121      7047.73    7044.34      17.69
0.122      7070.85    7067.46       3.66
0.125      7066.81    7063.42      18.02
0.122      7092.97    7089.58      16.05
0.123      7099.27    7095.88       8.50
0.122      7120.04    7116.65      12.11
0.122      7139.51    7136.12      19.17
0.123      7159.58    7156.19       9.77
0.123      7146.04    7142.65      15.97
0.123      7186.29    7182.90       8.29
0.123      7177.26    7173.87      17.42
0.124      7195.57    7192.18      14.49
0.123      7216.84    7213.45      23.95
0.124      7246.69    7243.30      11.75
0.124      7242.66    7239.27      14.45
0.124      7273.80    7270.41      14.31
0.124      7252.91    7249.52      19.12
0.124      7273.74    7270.35      13.69
0.124      7301.03    7297.64      23.29
0.124      7314.77    7311.38      14.18
0.125      7323.80    7320.42      11.80
0.127      7354.29    7350.90      18.65
0.127      7331.95    7328.56      15.46
0.127      7378.16    7374.77       9.39
0.127      7388.34    7384.95       3.79
0.128      7415.43    7412.04      21.21
0.129      7398.64    7395.25      13.68
0.128      7440.82    7437.43       5.81
0.127      7406.38    7402.99      26.18
0.127      7466.05    7462.66      19.78
0.128      7465.83    7462.44      15.25
0.129      7499.81    7496.42      25.10
0.127      7484.71    7481.33      18.30
0.128      7526.10    7522.71      10.27
0.129      7507.62    7504.24      26.21
0.130      7552.52    7549.13      13.09
0.127      7553.17    7549.78      14.91
0.129      7581.65    7578.26      13.76
0.129      7570.97    7567.58      16.50
0.130      7609.90    7606.51      14.81
0.130      7625.75    7622.36      27.56
0.130      7619.87    7616.48      13.94
0.130      7632.60    7629.21      15.73
0.130      7650.48    7647.09      14.12
0.131      7669.59    7666.20      16.69
0.131      7678.66    7675.27      14.07
0.130      7716.52    7713.13       9.69
0.131      7726.52    7723.13      15.77
0.130      7739.16    7735.77      25.00
0.131      7750.47    7747.08      18.05
0.131      7782.55    7779.17      14.89
0.132      7779.83    7776.44      16.36
0.132      7807.96    7804.57       3.56
0.132      7804.37    7800.98      16.86
0.133      7827.22    7823.83      18.14
0.133      7846.62    7843.23      19.30
0.133      7867.54    7864.15       9.55
0.132      7866.65    7863.26      18.74
0.133      7893.19    7889.80       9.98
0.133      7900.32    7896.93       6.59
0.134      7916.64    7913.25       8.44
0.134      7931.58    7928.19       6.39
0.133      7960.84    7957.45      11.41
0.134      7949.62    7946.23      13.92
0.134      7989.87    7986.48       5.86
0.134      7982.38    7978.99      13.90
0.134      8008.70    8005.31      14.55
0.134      8005.12    8001.73      14.05
0.136      8045.54    8042.15       5.92
0.135      8035.14    8031.75      21.59
0.134      8075.60    8072.21       7.43
0.134      8063.68    8060.29      24.77
0.135      8095.22    8091.83      14.52
0.135      8105.81    8102.42      14.64
0.135      8134.03    8130.64       7.41
0.137      8115.50    8112.11      19.07
0.139      8166.08    8162.69       7.36
0.135      8151.34    8147.95      15.63
0.136      8179.74    8176.35      15.15
0.136      8189.57    8186.18      14.11
0.137      8218.80    8215.42       9.14
0.137      8205.24    8201.85      14.58
0.136      8243.49    8240.10      14.68
0.136      8229.88    8226.49      14.95
0.137      8260.77    8257.38      15.70
0.137      8272.65    8269.26      20.86
0.137      8311.53    8308.14       5.86
0.138      8296.82    8293.43      22.49
0.137      8337.34    8333.95      11.19
0.138      8332.28    8328.89      27.26
0.138      8359.25    8355.86      13.52
0.138      8370.25    8366.86      15.07
0.138      8402.50    8399.11       7.96
0.138      8379.32    8375.93      15.07
0.138      8424.59    8421.20      17.86
0.138      8412.36    8408.97      24.27
0.138      8435.80    8432.41      14.39
0.138      8454.27    8450.88      14.39
0.139      8489.06    8485.67      14.80
0.140      8475.55    8472.17      27.68
0.141      8517.97    8514.58      10.37
0.140      8519.66    8516.27      13.45
0.141      8533.86    8530.47      12.98
0.140      8545.35    8541.96      13.96
0.140      8581.23    8577.84      29.42
0.141      8569.39    8566.00      20.55
0.141      8602.57    8599.18      11.72
0.141      8603.28    8599.89      13.49
0.141      8637.89    8634.50      18.56
0.142      8644.92    8641.53       7.70
0.141      8670.55    8667.17      19.92
0.141      8664.07    8660.68      15.05
0.141      8697.47    8694.08       7.96
0.142      8687.85    8684.46      15.64
0.142      8722.04    8718.65      13.09
0.143      8730.44    8727.05      12.00
0.141      8760.00    8756.61      17.23
0.143      8753.96    8750.57      14.01
0.143      8787.48    8784.09      20.21
0.144      8783.50    8780.11      15.38
0.144      8812.05    8808.66      14.49
0.145      8821.33    8817.94       7.14
0.143      8845.77    8842.38      20.68
0.144      8845.67    8842.28      14.08
0.145      8868.64    8865.25       5.94
0.146      8869.97    8866.58      15.29
0.146      8898.62    8895.23      13.96
0.145      8914.75    8911.36       9.52
0.145      8933.96    8930.58      19.29
0.146      8929.49    8926.10      14.66
0.147      8964.04    8960.65      24.75
0.146      8962.94    8959.55       5.02
0.146      8987.18    8983.79      17.49
0.148      8995.54    8992.15       6.25
0.147      9028.30    9024.91      19.26
0.146      9023.00    9019.61      12.00
0.147      9051.53    9048.14      17.96
0.147      9052.66    9049.27       6.98
0.147      9080.84    9077.45      31.92
0.147      9089.02    9085.63      23.52
0.147      9082.86    9079.47      10.59
0.149      9110.68    9107.29      16.07
0.147      9144.04    9140.65      19.16
0.148      9143.73    9140.34      13.45
0.147      9152.59    9149.20      21.02
0.146      9181.00    9177.61      23.43
0.148      9198.14    9194.75       7.29
0.148      9203.71    9200.33      31.20
0.149      9223.80    9220.41      19.59
0.149      9236.08    9232.69      16.49
0.149      9246.91    9243.52      18.88
0.148      9267.09    9263.70      21.11
0.150      9279.94    9276.55       5.56
0.149      9288.96    9285.58      17.18
0.149      9307.77    9304.38       5.75
0.149      9321.25    9317.86      18.89
0.149      9327.42    9324.03      15.64
0.149      9344.32    9340.93      14.77
0.150      9350.07    9346.68      20.73
0.150      9363.27    9359.88      18.96
0.151      9403.59    9400.20      25.31
0.150      9394.26    9390.87      14.86
0.150      9415.90    9412.51      13.47
0.150      9435.78    9432.39      15.20
0.150      9457.31    9453.92      15.92
0.150      9473.19    9469.80      15.50
0.150      9490.22    9486.83      17.41
0.153      9490.23    9486.84      19.18
0.151      9505.95    9502.56      15.12
0.152      9539.22    9535.83      15.57
0.152      9531.89    9528.50      15.12
0.153      9566.37    9562.98       8.26
0.154      9569.73    9566.34      23.94
0.153      9595.52    9592.13      15.05
0.154      9608.34    9604.95      15.03
0.153      9635.00    9631.61      17.79
0.154      9627.73    9624.34      17.79
0.154      9659.45    9656.06       9.03
0.154      9650.95    9647.56      17.66
0.154      9685.18    9681.79      10.89
0.155      9699.91    9696.52      17.32
0.156      9702.48    9699.09      15.17
0.155      9728.25    9724.86       5.71
0.155      9753.07    9749.68      24.12
0.156      9745.22    9741.83      19.00
0.155      9775.30    9771.91      16.77
0.155      9789.07    9785.68      22.92
0.155      9806.45    9803.06      14.96
0.156      9813.62    9810.24      13.31
0.156      9826.00    9822.61      15.62
0.157      9842.32    9838.93      23.20
0.157      9858.27    9854.88      14.61
0.157      9861.68    9858.29      15.46
0.158      9909.72    9906.33       9.47
0.159      9890.77    9887.38      30.09
0.160      9939.36    9935.97       8.64
0.159      9924.18    9920.79      14.33
0.160      9962.08    9958.69      19.01
0.159      9978.75    9975.36       7.55
0.159     10003.47   10000.08      21.31
0.159     10011.08   10007.69      28.57
0.159     10027.41   10024.02      18.75
0.160     10031.50   10028.11       9.65
0.160     10047.02   10043.63      24.83
0.160     10069.48   10066.09      17.45
0.161     10080.48   10077.09       5.08
0.161     10088.76   10085.37      14.34
0.162     10111.04   10107.65       8.22
0.161     10115.97   10112.58      18.24
0.162     10119.38   10115.99      15.26
0.161     10140.19   10136.80      14.96
0.161     10167.50   10164.11      16.79
0.159     10184.74   10181.35      14.46
0.160     10199.13   10195.74      21.75
0.161     10208.02   10204.63      15.37
0.161     10211.43   10208.04      15.52
0.162     10256.38   10252.99      19.29
0.161     10236.48   10233.09      14.34
0.162     10283.99   10280.60       3.90
0.163     10275.29   10271.90      23.70
0.163     10305.73   10302.34      10.02
0.161     10306.06   10302.67      24.14
0.163     10339.94   10336.55      15.33
0.163     10342.38   10338.99       7.30
0.162     10356.95   10353.56      15.16
0.162     10374.12   10370.73      15.81
0.163     10398.00   10394.61      22.75
0.165     10400.11   10396.72      14.96
0.165     10445.78   10442.39      14.52
0.165     10432.17   10428.78      15.21
0.165     10467.00   10463.61      14.72
0.165     10458.01   10454.62      22.71
0.165     10500.09   10496.70      17.43
0.166     10509.53   10506.14       6.88
0.166     10537.22   10533.83      15.35
0.166     10535.82   10532.43      23.97
0.167     10566.37   10562.98      20.63
0.166     10567.48   10564.09      19.39
0.167     10585.41   10582.02      27.48
0.168     10599.07   10595.68      15.38
0.167     10619.99   10616.60      43.35
0.168     10630.21   10626.83      21.78
0.167     10650.59   10647.20      21.79
0.167     10644.50   10641.11      15.26
0.168     10656.08   10652.69      14.55
0.167     10695.47   10692.08      19.21
0.167     10690.90   10687.51      14.68
0.169     10725.18   10721.79      20.23
0.169     10715.80   10712.41      14.03
0.168     10754.36   10750.97      17.42
0.168     10771.31   10767.92      14.49
0.168     10774.41   10771.02      14.97
0.168     10791.78   10788.39      25.43
0.169     10810.46   10807.07      15.57
0.169     10819.61   10816.22      22.89
0.170     10828.79   10825.40      14.52
0.169     10860.16   10856.77      15.91
0.170     10881.21   10877.82      10.35
0.170     10870.09   10866.70      14.43
0.172     10909.99   10906.60       8.42
0.170     10918.58   10915.19      14.33
0.169     10941.44   10938.05      16.65
0.171     10958.36   10954.97      22.58
0.169     10971.63   10968.24       6.05
0.169     10978.79   10975.40      27.94
0.170     10982.94   10979.55       8.06
0.171     11011.68   11008.29      22.68
0.171     11020.63   11017.24      21.54
0.172     11042.94   11039.55      18.23
0.171     11051.44   11048.05      31.05
0.171     11086.01   11082.62      19.67
0.171     11090.11   11086.72      30.89
0.171     11113.19   11109.80      20.24
0.171     11115.39   11112.00      14.92
0.173     11141.21   11137.82      15.59
0.171     11153.62   11150.23      14.45
0.173     11172.15   11168.76      14.50
0.171     11167.68   11164.29      16.73
0.172     11203.62   11200.23      14.83
0.172     11209.82   11206.43      16.55
0.173     11250.11   11246.72      17.72
0.172     11250.35   11246.96      26.89
0.173     11274.30   11270.91      14.88
0.173     11269.91   11266.52      25.13
0.173     11275.39   11272.00      15.82
0.173     11314.48   11311.09      16.64
0.174     11330.12   11326.74      19.70
0.173     11322.62   11319.23      19.18
0.174     11347.98   11344.59      20.15
0.173     11360.75   11357.36      16.09
0.174     11367.23   11363.84      15.17
0.175     11411.41   11408.02      16.04
0.175     11409.13   11405.74      14.68
0.175     11424.04   11420.65      17.81
0.176     11434.79   11431.40      16.69
0.176     11463.14   11459.75      19.31
0.176     11477.00   11473.61      24.32
0.176     11501.18   11497.79      15.03
0.178     11498.07   11494.68      18.29
0.177     11532.98   11529.59      14.31
0.177     11524.94   11521.55      18.37
0.177     11569.75   11566.36      30.75
0.181     11644.58   11641.19      16.67
0.179     11685.01   11681.62      20.14
0.179     11728.71   11725.32      13.09
0.181     11721.97   11718.58      16.44
0.180     11734.72   11731.33      19.59
0.180     11804.63   11801.24      13.61
0.180     11828.17   11824.78      23.81
0.179     11818.75   11815.36      16.82
0.181     11881.66   11878.27      29.32
0.181     11900.00   11896.61      16.23
0.181     11911.41   11908.02      16.32
0.182     11963.43   11960.04      21.83
0.181     11995.89   11992.50      18.38
0.183     12017.58   12014.19      16.20
0.183     12049.87   12046.48      32.41
0.182     12082.40   12079.01      16.20
0.183     12092.33   12088.94      21.11
0.184     12120.45   12117.06      18.22
0.185     12172.23   12168.84       9.70
0.184     12165.36   12161.97      16.86
0.185     12187.70   12184.31      16.31
0.184     12243.91   12240.52      11.29
0.187     12258.65   12255.26      15.05
0.185     12280.07   12276.68      10.01
0.186     12326.74   12323.35       3.51
0.185     12314.47   12311.08      14.98
0.186     12368.05   12364.66      18.84
0.187     12417.10   12413.71       9.77
0.185     12442.33   12438.94      19.45
0.185     12446.12   12442.73      31.25
0.185     12485.07   12481.68      21.71
0.185     12511.16   12507.77      16.89
0.185     12517.78   12514.39      16.47
0.186     12567.97   12564.58      21.24
0.187     12604.45   12601.06      17.59
0.187     12620.82   12617.43      15.27
0.188     12649.30   12645.91      20.66
0.189     12672.40   12669.01      14.50
0.190     12705.89   12702.50      24.55
0.190     12726.04   12722.65      19.82
0.188     12776.41   12773.02       6.67
0.189     12778.60   12775.21      32.96
0.189     12798.22   12794.83      19.66
0.189     12844.80   12841.41       7.61
0.189     12861.80   12858.42      14.89
0.192     12906.00   12902.61      17.81
0.192     12934.82   12931.43       9.39
0.191     12936.60   12933.21      16.65
0.190     12970.04   12966.65      22.79
0.192     13003.70   13000.31      10.37
0.192     13040.38   13036.99      27.80
0.192     13034.94   13031.55      26.08
0.192     13086.03   13082.64      20.53
0.193     13130.96   13127.57      14.68
0.193     13130.64   13127.25      23.34
0.192     13146.76   13143.37      20.99
0.194     13179.94   13176.55      16.77
0.193     13227.56   13224.17      18.03
0.196     13232.82   13229.43      16.53
0.196     13303.61   13300.22       6.89
0.195     13311.05   13307.66      33.64
0.199     13341.87   13338.48      29.80
0.196     13384.45   13381.06       7.76
0.195     13403.12   13399.74      18.34
0.195     13411.95   13408.56      29.29
0.195     13456.33   13452.94      26.75
0.195     13482.02   13478.63      16.46
0.197     13494.36   13490.97      15.24
0.197     13537.29   13533.90      16.32
0.196     13555.31   13551.92      16.95
0.198     13603.86   13600.47      17.08
0.197     13589.83   13586.44      67.79
0.196     13511.92   13508.53     112.00
0.679     13666.43   13662.80    1345.32
0.219     11963.17   11959.54       7.04
0.159      9033.45    9029.82       9.20
0.112      6174.21    6170.58       6.59
0.045      2002.35    1998.72       5.34
0.060      2364.14    2360.51      28.97
0.103      2478.02    2474.39     189.92
0.084      2986.14    2982.50     538.62
0.370       693.23     689.60      55.27
0.119      2423.40    2419.77     554.14
0.149      4560.85    4557.21     586.21
0.113      5017.30    5013.67     626.88
0.137      5198.34    5194.70    1338.94
0.313      3884.19    3880.56      77.48
0.271      3951.27    3947.64    2181.64
0.201      6335.12    6331.49     430.30
0.443      9085.98    9082.35    3805.97
0.217      5513.03    5509.39     804.93
0.599      9618.54    9614.91    5697.31
0.174      6195.01    6191.38     180.84
0.590      9786.11    9782.48    6312.20
0.155      6082.06    6078.43     119.64
0.269      9889.62    9885.99    6582.39
0.168      6730.75    6727.11     169.48
0.360      9982.21    9978.57    6614.04
0.155      6689.88    6686.25     157.79
0.219     10065.70   10062.06    6683.61
0.607      2621.95    2618.32      88.85
0.253      3906.83    3903.20     737.93
0.204      6003.78    6000.14     525.64
0.225      6317.75    6314.12    1062.12
0.193      6395.86    6392.23    1772.64
0.353      4317.38    4313.74      75.45
0.248      4339.65    4336.02    1431.78
0.354      3911.65    3908.02    1733.34
0.183      6472.54    6468.90     343.95
0.346      7689.26    7685.63    2067.11
0.372      9227.16    9223.52     659.07
0.420     11067.67   11064.04    2992.60
0.389      9566.16    9562.53    1158.90
0.327     11907.62   11903.98    2017.60
0.567     10604.92   10601.29    3354.35
0.286     13007.09   13003.46    2747.64
0.424     11041.66   11038.02    2395.40
0.310     13167.15   13163.52    1724.82
0.857     10031.30   10027.67    2953.86
0.666     12052.34   12048.70    3681.28
0.791     10040.50   10036.87    2917.71
0.391     12145.90   12142.27    5864.46
1.565      4946.02    4942.39      88.84
0.313      5842.06    5838.43     764.72
0.160      6765.46    6761.82     119.66
0.173      6772.20    6768.56     672.17
0.386      5188.23    5184.60      78.78
0.215      5127.68    5124.05     124.55
0.446      7307.82    7304.19    1468.56
0.431      9610.77    9607.14    1192.13
0.254     10524.88   10521.24    1354.81
1.218     10783.66   10780.03    3732.53
1.255     10902.36   10898.72    3039.78
0.317     10813.56   10809.93     390.30
1.011     11026.21   11022.58    2413.71
0.966     10471.66   10468.02    1578.80
0.645     10522.18   10518.55    1827.82
1.061     10014.79   10011.16    2614.66
0.306     10725.46   10721.83    1766.11
1.050      5883.84    5880.20     100.35
0.190      5814.78    5811.15      38.47
0.396      7881.02    7877.39    1668.54
0.229     10080.61   10076.98     382.32
0.404     10859.17   10855.54    3825.12
0.657     11382.36   11378.73    3373.84
0.742     11373.34   11369.70    3652.55
0.586     11422.03   11418.40    2392.18
0.424     11540.29   11536.66    1741.66
0.469     11926.45   11922.81    2276.81
1.797      4603.84    4600.21      70.22
0.843       987.82     984.19      59.35
0.183      2844.10    2840.46     529.12
0.120      4036.61    4032.98     936.62
0.317      3471.48    3467.85      92.12
0.323      3926.71    3923.07    1988.48
0.128      5999.95    5996.32    1388.95
0.276      4932.67    4929.04    1999.15
0.265      4883.11    4879.47     365.98
0.188      5032.61    5028.97     827.46
0.321      4857.55    4853.92     547.23
0.134      6190.97    6187.34    1532.43
0.134      5168.96    5165.33     309.79
0.477      5071.24    5067.61    3645.30
0.802      3030.99    3027.36      24.50
0.272      3130.93    3127.29    1761.63
0.139      4950.31    4946.68    2302.69
0.181      5995.16    5991.53    2724.52
0.134      3747.72    3744.09      16.44
0.234      4505.44    4501.80    1316.80
0.197      5864.68    5861.05    1556.08
0.396      4097.49    4093.86      70.99
0.416      4748.20    4744.57     720.75
0.253      5336.27    5332.64     102.88
0.300      5731.52    5727.89     429.38
0.230      6116.65    6113.02     356.26
1.203       876.54     872.90      56.85
0.168      2647.23    2643.60     609.52
0.204      4791.14    4787.50     509.36
0.280      6873.70    6870.07     600.85
0.297      8863.25    8859.61     527.85
0.335     10774.16   10770.53     548.94
0.351     12699.20   12695.57     533.63
0.277     15270.62   15266.98     206.30
0.310     18702.04   18698.41    3808.79
0.312     18540.80   18537.16    3832.63
0.317     18432.75   18429.11    3773.25
0.544     14255.32   14251.69    4579.32
0.429     15396.93   15393.29     631.95
0.360     17923.90   17920.27     169.05
0.355     20472.87   20469.23    4235.32
0.353     20321.52   20317.88    4123.43
0.357     20107.07   20103.44    2589.19
0.608     15942.20   15938.57    6514.11
0.434     18341.91   18338.28     281.70
0.391     19737.80   19734.17    4453.34
0.392     19677.43   19673.80    4078.41
0.576     19498.54   19494.91    3437.76
0.907     14915.65   14912.02    3292.22
0.617     15647.95   15644.32    1172.52
0.421     20062.59   20058.96     324.36
0.385     20289.57   20285.93    3799.91
0.386     20185.68   20182.04    3081.70
0.385     20064.05   20060.41    3551.43
1.020     15167.81   15164.18    2756.82
0.676     14923.54   14919.91    1496.63
0.414     18987.82   18984.19     312.57
0.389     20031.79   20028.16    4138.12
0.393     19792.79   19789.16    4187.01
0.595     19593.82   19590.18    1391.70
0.828     14718.24   14714.61    3832.48
0.407     18729.45   18725.81     400.09
0.387     19510.17   19506.54    4461.79
0.389     19302.44   19298.80    4365.84
3.322     10500.69   10497.05    1963.26
0.140      3589.08    3585.45      17.12
0.489      4427.45    4423.81    1738.93
0.457      8170.38    8166.74    1900.93
0.454     10886.46   10882.83    1536.74
0.350     14308.86   14305.23    1071.50
0.460     13267.54   13263.91    7516.43
0.290     11256.79   11253.15      82.91
0.652     12929.09   12925.46    2787.27
0.362     16506.91   16503.28     781.98
0.810     14850.12   14846.49    5344.04
0.319     12479.29   12475.65      35.89
0.829     13622.84   13619.21    3275.64
0.354     15784.67   15781.04    1000.85
1.091     14512.55   14508.92    6180.12
0.635     11681.42   11677.79    2313.94
0.653     12735.58   12731.95    3008.37
0.858     13555.71   13552.08    1948.73
0.572     11478.30   11474.66      55.01
0.733     12349.49   12345.86    3096.02
0.791     13446.12   13442.48    3604.66
0.523     11244.31   11240.68    1201.62
0.603     12555.29   12551.66    2203.36
0.847     15186.07   15182.43    3742.62
2.438     10902.54   10898.91      55.44
0.351      4517.21    4513.57    1913.55
0.265      6818.91    6815.27    3478.99
0.511      6665.90    6662.27    1106.38
0.812      4951.29    4947.66      84.41
0.331      5710.69    5707.05    1369.57
0.266      8684.20    8680.57    1955.17
0.231      8425.64    8422.01      59.91
0.246      9368.80    9365.16     901.14
0.297      9580.57    9576.94    1749.65
0.249     10335.28   10331.64    1901.50
0.242      9895.61    9891.98      62.63
0.259     11060.97   11057.34     881.41
0.280      9868.98    9865.34    1127.43
0.309     10699.40   10695.77    1766.02
0.289     11491.32   11487.69    1717.79
0.282     11254.46   11250.82    1337.55
0.718      4867.20    4863.56      82.57
0.506      5390.92    5387.29    1409.07
0.355      7488.63    7485.00     489.29
0.381      9639.27    9635.64     358.54
0.335     11623.50   11619.86     270.76
0.310     14809.11   14805.48     185.38
0.514     20778.73   20775.09    5401.68
0.528     24659.75   24656.12    1179.96
0.383     20998.97   20995.34      73.16
0.490     12797.97   12794.34    9730.07
0.733     19619.85   19616.21    1843.89
0.623     25589.02   25585.39    9541.11
0.517     13456.84   13453.21      88.43
0.775     12653.57   12649.94    1363.18
0.351     17520.27   17516.63     355.82
0.403     21796.79   21793.16    1351.41
0.643     25352.18   25348.54    5709.66
0.512     13224.50   13220.87      78.46
0.733     12577.87   12574.23    3587.79
0.375     18394.28   18390.65     411.27
0.415     22364.66   22361.03     300.50
0.633     25363.36   25359.72    4606.81
0.410     13077.98   13074.34      60.97
0.522     13073.20   13069.57    3486.11
0.385     18942.56   18938.93     425.98
0.438     23000.81   22997.18     312.95
0.464     21731.98   21728.35     114.67
0.300     13225.27   13221.64      74.49
0.970     12634.70   12631.06    2530.39
0.371     17793.03   17789.39     399.98
0.417     21906.18   21902.55     457.34
0.568     25670.86   25667.23    8902.09
0.427     13210.70   13207.07      50.31
2.541      3842.64    3839.00      91.58
0.311      5872.78    5869.14    1899.18
0.295      5910.39    5906.76    2291.20
0.405      5909.45    5905.82    1460.43
0.376      5949.47    5945.84    1390.79
0.357      5968.71    5965.08    3217.94
0.294      5995.18    5991.55    2744.35
0.283      1321.35    1317.72      69.02